[Viktor]
0 56 396
-1 -1 -1
[Little-Block]
0 903 152
1 935 152
2 967 152
3 999 152
4 1031 152
5 1063 152
6 691 211
7 723 211
8 755 211
9 787 211
10 887 304
11 1181 95
12 1213 95
13 1245 95
14 1277 95
15 1193 281
16 1225 281
17 1257 281
18 1511 304
19 1330 304
20 1491 116
21 1796 282
22 1828 282
23 1860 282
24 1892 282
25 1924 282
26 1956 282
27 1988 282
-1 -1 -1
[Big-Block]
0 443 336
1 507 336
2 571 336
3 635 336
4 699 336
5 763 336
6 827 336
7 1078 336
8 1341 336
9 1405 336
10 1469 336
11 1431 149
12 1367 149
13 1303 149
14 2361 207
15 2425 207
16 2361 271
17 2361 143
18 2361 79
19 2361 15
20 2361 207
21 2604 332
22 2604 268
23 2604 204
24 2604 140
25 2604 12
26 2540 332
27 2604 76
28 2538 76
-1 -1 -1
[Flying-Enemy]
0 773 40
1 1229 23
2 1683 184
3 1883 189
4 2028 181
5 1841 41
-1 -1 -1
[Ground-Enemy]
0 839 345
1 619 345
2 1043 405
3 965 408
4 916 407
5 1447 148
6 1070 156
7 1438 329
8 1229 402
9 1772 393
10 1916 394
11 2019 406
12 2099 400
13 1665 391
14 1841 403
15 1968 399
16 348 400
-1 -1 -1
[End]